TNN    30.285    0.866   67.408    10.482  091   12.6 
     UTNN    31.187    0.900   53.660    10.046  041   4.6 
     FTNN    22.787    0.731   157.474    24.980  045   148.3 
    NTTNN    33.113    0.890   49.689    8.362  708   35.9 
   TBTTNN    31.743    0.916   41.572    10.468    961     493.0
TBTTNN    33.725    0.939   36.291    7.747  399   203.3 
   HaLRTC    20.523    0.475   74.687    46.929  066   9.4
 LRTC_TNN  0              0        90.9763   26.272    050   12  

        TNN    30.100    0.867   66.828    10.685  091   12.7 
     UTNN    30.838    0.898   54.088    10.490  041   4.5 
     FTNN    22.329    0.722   161.441    25.961  044   142.1 
    NTTNN    32.896    0.889   49.547    8.657  621   35.3 
   TBTTNN    31.948    0.921   40.769    10.322  681   362.3 
TBTTNN    33.691    0.939   36.508    7.863  362   203.1
   HaLRTC    20.455    0.470   75.439    47.299  066   9.2
   LRTC_TNN  0              0        91.311   26.063    100   15 

       TNN    30.402    0.868   67.150    10.102  092   13.1 
     UTNN    31.359    0.902   53.931    9.660  041   4.4 
     FTNN    22.451    0.725   160.876    25.848  043   139.3 
    NTTNN    33.225    0.891   49.878    8.196  543   28.1 
   TBTTNN    32.882    0.930   39.138    8.811  709   348.5 
    TBTTNN    33.846    0.939   36.643    7.572  283   207.5 
   HaLRTC    20.560    0.477   74.587    46.725  066   9.5
 LRTC_TNN  0              0       91.8346   25.9158    100   14 

       TNN    30.189    0.867   67.681    10.587  091   12.7 
     UTNN    30.961    0.899   54.281    10.316  041   4.4 
     FTNN    22.489    0.723   159.352    25.258  041   131.3 
    NTTNN    32.924    0.891   49.706    8.587  714   36.5 
   TBTTNN    32.045    0.924   40.543    10.075  565   407.4 
TBTTNN    33.706    0.938   36.692    7.783  412   196.9 
   HaLRTC    20.519    0.476   74.566    46.935  066   8.9
 LRTC_TNN  0              0        90.490   26.136    050   14 