     TNN    31.564    0.895   59.581    9.120  089   12.7 
    UTNN    32.795    0.921   48.229    8.203  040   4.3 
    FTNN    25.809    0.790   113.082    17.547  042   132.0
    NTTNN    34.134    0.918   43.640    7.391  432   21.8 
   TBTTNN    33.976    0.940   36.776    7.654  513   350.5
TBTTNN    34.626    0.946   34.929    6.917  243   183.6 
   HaLRTC    21.536    0.570   66.614    42.600  067   9.1
 LRTC_TNN  0              0        81.700   19.924    100  14 

       TNN    31.364    0.892   60.584    9.307  089   13.0 
     UTNN    32.620    0.920   48.628    8.431  040   4.3 
     FTNN    25.698    0.788   113.564    17.409  044   144.1
  NTTNN    34.012    0.918   43.230    7.571  467   23.3 
   TBTTNN    33.714    0.938   37.135    8.060  502   324.6
TBTTNN    34.540    0.946   35.211    7.036  223   172.1 
    HaLRTC    21.441    0.564   66.997    43.108  067   9.1
 LRTC_TNN  0              0        82.047   19.674    050   12 

  TNN    31.558    0.895   59.661    9.036  089   12.8 
    UTNN    32.794    0.922   48.132    8.168  040   4.4 
    FTNN    25.504    0.789   113.883    18.187  038   120.0
  NTTNN    34.137    0.919   43.688    7.347  389   19.6 
   TBTTNN    33.684    0.939   37.723    7.885  367   288.8
TBTTNN    34.562    0.946   35.226    6.977  159   140.1  
  HaLRTC    21.545    0.570   66.648    42.567  067   9.1
 LRTC_TNN  0              0        81.963   19.378    050   12 

   TNN    31.373    0.892   60.427    9.275  089   12.7 
    UTNN    32.672    0.919   48.779    8.317  040   4.4 
    FTNN    25.599    0.786   115.037    17.751  042   143.2
  NTTNN    34.002    0.917   43.438    7.545  512   25.7 
   TBTTNN    33.608    0.937   37.049    8.167  478   371.6 
TBTTNN    34.532    0.945   35.144    7.037  186   150.6
  HaLRTC    21.482    0.566   66.714    42.818  067   9.0 
 LRTC_TNN  0              0        81.823   19.901    050   12