     TNN    32.157    0.905   56.937    8.575  085   15.8 
    UTNN    33.537    0.930   46.097    7.564  039   5.7 
    FTNN    27.655    0.823   91.293    13.819  038   161.4 
   NTTNN    34.776    0.932   40.355    6.917  457   25.9 
  TBTTNN    35.150    0.949   34.811    6.573  526   308.6
TBTTNN    35.272    0.950   34.184    6.427  229   285.5  
  HaLRTC    22.475    0.641   62.310    38.748  068   13.4 
 LRTC_TNN  0              0        71.605   15.897    050   12

   TNN    31.364    0.892   60.584    9.307  089   13.0 
     UTNN    32.620    0.920   48.628    8.431  040   4.3 
     FTNN    25.698    0.788   113.564    17.409  044   144.1 
     NTTNN    34.833    0.932   40.098    6.862  374   21.2 
   TBTTNN    35.065    0.949   34.842    6.680  448   279.4 
TBTTNN    35.228    0.950   34.215    6.476  234   163.3 
   HaLRTC    21.441    0.564   66.997    43.108  067   9.1
  LRTC_TNN  0              0        71.122   15.606    050   14 

    TNN    31.558    0.895   59.661    9.036  089   12.8 
    UTNN    32.794    0.922   48.132    8.168  040   4.4 
    FTNN    25.504    0.789   113.883    18.187  038   120.0  
    NTTNN    34.869    0.934   40.221    6.853  338   17.4 
   TBTTNN    34.894    0.948   35.400    6.777  436   248.7
TBTTNN    35.200    0.950   34.515    6.503  191   140.4 
   HaLRTC    21.545    0.570   66.648    42.567  067   9.1 
 LRTC_TNN  0              0        70.836   15.336    100   13

   TNN    31.373    0.892   60.427    9.275  089   12.7 
    UTNN    32.672    0.919   48.779    8.317  040   4.4 
    FTNN    25.599    0.786   115.037    17.751  042   143.2  
    NTTNN    34.754    0.932   40.452    6.943  453   23.1 
   TBTTNN    35.003    0.948   34.956    6.738  420   336.4
TBTTNN    35.191    0.950   34.416    6.508  209   192.0 
   HaLRTC    21.482    0.566   66.714    42.818  067   9.0
 LRTC_TNN  0              0        70.460   15.613    100   13 