  TNN    32.849    0.915   54.547    7.996  083   12.6 
    UTNN    34.246    0.938   43.965    7.015  037   4.1 
    FTNN    29.592    0.856   74.051    10.965  033   113.2 
    NTTNN    35.375    0.940   38.876    6.522  366   40.4 
  TBTTNN    36.060    0.956   33.557    5.928  518   294.3 
TBTTNN    36.154    0.957   33.053    5.864  291   226.0 
  HaLRTC    23.824    0.727   56.561    33.746  068   8.8
  LRTC_TNN  0              0        59.127   11.615    050   12 


       TNN    32.809    0.914   54.601    7.986  083   12.6 
     UTNN    34.194    0.937   44.296    7.014  037   4.0 
     FTNN    29.575    0.858   72.627    10.987  031   95.8 
    NTTNN    35.430    0.939   39.067    6.478  275   30.6 
   TBTTNN    36.026    0.956   33.291    5.992  490   234.9 
TBTTNN    36.147    0.957   32.826    5.891  303   262.1 
   HaLRTC    23.765    0.724   56.249    34.079  068   9.3
  LRTC_TNN  0              0        58.810   11.739    050   13 


   TNN    32.891    0.916   53.766    7.953  083   12.7 
    UTNN    34.211    0.938   44.086    7.027  037   4.2 
    FTNN    29.653    0.858   72.893    10.846  033   111.8  
    NTTNN    35.469    0.941   38.711    6.481  405   44.8 
   TBTTNN    35.990    0.956   33.440    6.010  511   325.1
TBTTNN    36.177    0.957   33.147    5.861  386   263.7 
   HaLRTC    23.896    0.729   56.173    33.653  068   10.2
LRTC_TNN  0              0        58.893   11.363    050   12   

     TNN    32.858    0.915   54.602    7.947  083   13.5 
    UTNN    34.225    0.937   44.335    7.001  037   4.6 
    FTNN    29.695    0.857   73.792    10.798  033   115.6 
    NTTNN    35.485    0.940   39.047    6.443  318   35.8 
   TBTTNN    35.863    0.955   33.766    6.106  381   336.4
TBTTNN    36.172    0.957   33.102    5.861  289   234.9 
   HaLRTC    23.806    0.726   56.607    33.745  068   10.2
  LRTC_TNN  0              0        57.673     11.647    050   13   

