TNN    36.361    0.954   44.868    5.878  077   12.1 
    UTNN    38.095    0.970   35.119    4.971  035   4.0 
    FTNN    35.582    0.950   42.202    6.231  021   72.9
    NTTNN    39.116    0.974   30.287    4.734  267   26.4 
   TBTTNN    39.556    0.978   28.551    4.505  461   425.3
TBTTNN    39.469    0.978   27.852    4.522  002   101.2 
   HaLRTC    33.019    0.953   33.322    12.135  064   12.1
 LRTC_TNN  0              0        32.830    5.688    050   17

  TNN    36.334    0.954   44.812    5.869  077   12.4 
    UTNN    38.102    0.970   35.071    4.951  035   4.0 
    FTNN    35.588    0.950   42.157    6.231  021   64.9 
    NTTNN    39.199    0.974   30.377    4.662  269   27.7 
   TBTTNN    39.663    0.978   28.596    4.428  289   233.9 
TBTTNN    39.495    0.978   27.705    4.495  002   242.0 
  HaLRTC    32.989    0.952   33.352    12.198  064   9.4 
LRTC_TNN  0              0        33.149   5.672    050   13 

   TNN    36.272    0.954   44.694    5.961  077   12.7 
    UTNN    38.002    0.970   34.955    5.050  035   4.0 
    FTNN    35.561    0.950   41.794    6.247  021   66.2  
    NTTNN    39.027    0.974   30.284    4.776  262   28.4 
   TBTTNN    39.506    0.978   28.664    4.516  286   127.0
TBTTNN    39.377    0.978   27.830    4.584  002   232.4 
   HaLRTC    32.876    0.952   33.392    12.413  064   9.2 
LRTC_TNN  0              0        32.802   5.714    050   14 

  TNN    36.349    0.955   44.689    5.892  078   13.4 
   UTNN    38.127    0.971   34.812    4.970  035   4.5 
   FTNN    35.605    0.951   41.653    6.211  022   68.3  
    NTTNN    39.218    0.974   30.144    4.679  243   25.1 
   TBTTNN    39.611    0.978   28.531    4.456  217   409.1
TBTTNN    39.501    0.979   27.670    4.519  002   231.0
  HaLRTC    32.998    0.953   33.460    12.249  064   9.2
  LRTC_TNN  0              0        33.0475   5.597    050   12   







