     TNN    39.486    0.976   38.742    4.792  076   12.6 
    UTNN    41.391    0.985   29.700    3.998  034   4.0 
    FTNN    39.526    0.978   34.152    4.805  016   49.3 
    NTTNN    42.188    0.987   26.574    3.924  274   28.8 
   TBTTNN    42.591    0.988   25.545    3.732  207   119.3
TBTTNN    42.615    0.989   24.753    3.705  002   58.8
   HaLRTC    41.202    0.987   25.777    4.582  045   6.8 
   LRTC_TNN  0              0        28.523   4.067    050   12

 TNN    39.455    0.976   38.360    4.814  076   12.5 
 UTNN    41.374    0.985   29.608    4.015  034   4.0 
 FTNN    39.522    0.979   33.316    4.822  018   56.9  
 NTTNN    42.186    0.987   26.344    3.929  205   23.3 
   TBTTNN    42.544    0.989   25.420    3.776  162   71.1
 TBTTNN    42.593    0.989   24.545    3.727  002   74.2 
 HaLRTC    41.154    0.988   25.534    4.637  045   6.6
  LRTC_TNN  0              0        28.374   4.068    050   12

        TNN    39.414    0.976   38.333    4.850  076   12.5 
     UTNN    41.308    0.985   29.442    4.064  034   4.0 
     FTNN    39.480    0.979   33.236    4.853  017   53.4 
    NTTNN    42.123    0.987   26.398    3.952  231   26.6 
   TBTTNN    42.590    0.989   25.469    3.735  223   99.2 
 TBTTNN    42.550    0.989   24.666    3.748  002   86.4 
   HaLRTC    41.099    0.987   25.692    4.668  045   7.0
  LRTC_TNN  0              0        28.333   4.070    050   12  

     TNN    39.460    0.976   38.545    4.802  076   12.4 
    UTNN    41.363    0.985   29.727    4.016  034   3.8 
    FTNN    39.506    0.979   33.203    4.822  019   59.2  
    NTTNN    42.191    0.987   26.468    3.932  244   28.2 
   TBTTNN    42.581    0.988   25.625    3.745  209   95.8
 TBTTNN    42.597    0.989   24.713    3.721  002   64.8 
   HaLRTC    41.150    0.987   25.783    4.622  045   6.8
LRTC_TNN  0              0        28.339     4.058    050   12   





